100
1 1330 51 96.891
2 545 23 75.427
3 782 23 26.448
4 120 15 47.895
5 706 24 38.528
6 249 38 47.376
7 540 21 51.405
8 407 11 42.59
9 889 22 94.904
10 363 39 26.07
11 442 14 94.517
12 315 36 99.25
13 540 31 25.309
14 57 3 68.192
15 566 60 91.16
16 1087 28 73.791
17 1372 19 73.949
18 1028 39 55.126
19 298 9 21.829
20 77 32 63.283
21 385 2 25.259
22 533 21 77.088
23 21 8 93.788
24 908 25 58.266
25 284 56 35.172
26 242 57 64.315
27 847 57 19.907
28 340 10 62.694
29 941 46 26.657
30 145 24 53.338
31 1408 13 54.096
32 344 51 13.697
33 651 6 52.511
34 125 44 96.152
35 610 15 53.045
36 321 26 78.223
37 822 15 46.124
38 732 18 43.961
39 492 28 73.183
40 789 1 23.032
41 445 55 69.472
42 1250 9 25.255
43 1384 19 33.345
44 1413 23 35.865
45 10 49 77.158
46 497 21 66.862
47 216 41 81.694
48 719 59 46.396
49 798 11 65.928
50 133 5 35.125
51 36 3 30.532
52 970 56 80.854
53 1060 11 42.965
54 445 55 67.752
55 792 57 64.497
56 1131 29 22.073
57 1016 31 68.032
58 1045 39 79.614
59 512 52 29.811
60 581 22 65.184
61 631 43 18.768
62 766 29 21.282
63 1280 22 62.868
64 764 31 53.395
65 1265 21 48.835
66 611 48 79.958
67 1198 31 34.83
68 1083 59 90.088
69 1233 4 57.737
70 1170 6 78.904
71 95 15 72.824
72 491 38 98.754
73 1360 19 38.78
74 873 32 56.935
75 914 18 77.981
76 16 58 55.974
77 559 12 82.5
78 1124 13 57.437
79 36 24 81.224
80 1149 51 29.1
81 1418 5 99.632
82 537 25 21.018
83 1298 11 50.775
84 1175 40 50.846
85 1078 2 36.452
86 131 27 10.282
87 62 43 77.71
88 268 27 43.86
89 1104 8 22.321
90 610 5 47.754
91 767 4 68.797
92 106 3 31.347
93 727 20 90.146
94 850 42 30.315
95 910 51 77.488
96 884 26 41.555
97 297 48 90.67
98 207 56 41.515
99 121 13 60.613
100 1284 24 55.439
