150
1 298 2 29.272
2 1244 17 40.954
3 129 25 82.557
4 325 33 10.31
5 213 11 22.849
6 1309 24 47.313
7 1130 4 97.003
8 902 57 51.917
9 903 57 53.04
10 304 33 97.18
11 558 33 76.717
12 165 45 59.205
13 1269 36 89.923
14 131 38 48.069
15 1301 8 68.651
16 551 40 27.36
17 1003 21 49.833
18 483 44 19.203
19 1015 57 34.44
20 352 7 78.922
21 91 34 66.576
22 1202 38 70.367
23 1334 47 89.675
24 774 5 58.25
25 1176 12 78.698
26 851 11 82.139
27 910 2 16.077
28 945 16 59.093
29 709 55 13.659
30 1329 43 53.783
31 765 34 83.446
32 15 16 30.788
33 1312 30 22.208
34 750 16 86.928
35 843 59 82.908
36 1082 32 30.583
37 32 1 97.716
38 511 19 87.931
39 86 10 68.95
40 566 51 74.87
41 1213 23 92.668
42 257 28 86.957
43 115 24 22.541
44 1434 26 84.566
45 318 41 52.989
46 548 39 37.672
47 1087 40 90.287
48 1297 30 20.724
49 1204 19 10.487
50 1060 9 58.91
51 572 52 23.33
52 228 8 78.665
53 1422 8 72.713
54 229 11 45.008
55 217 15 51.083
56 1270 6 31.342
57 660 23 42.098
58 157 58 30.046
59 937 38 92.145
60 653 38 96.809
61 671 17 14.607
62 401 18 49.173
63 1192 12 18.826
64 1328 15 86.297
65 630 31 98.719
66 990 59 67.25
67 392 54 21.678
68 497 5 91.331
69 1059 51 74.247
70 552 59 50.762
71 582 60 92.002
72 200 45 25.664
73 1360 20 53.143
74 653 56 11.503
75 311 21 39.496
76 1417 46 55.072
77 669 22 91.481
78 184 44 13.48
79 1173 31 73.068
80 252 20 66.54
81 481 25 80.598
82 583 60 71.917
83 1044 19 57.249
84 39 59 28.082
85 1190 58 37.488
86 963 58 88.743
87 163 39 69.8
88 1320 27 38.199
89 1295 20 82.533
90 285 50 12.176
91 1202 29 92.963
92 680 32 48.302
93 325 23 16.354
94 631 27 96.124
95 531 5 19.857
96 910 32 62.059
97 237 7 42.875
98 217 44 32.01
99 638 22 31.662
100 1414 25 81.824
101 1305 58 63.984
102 321 6 10.308
103 260 49 42.724
104 415 56 69.035
105 752 16 18.664
106 876 60 58.673
107 14 36 21.344
108 1440 42 71.049
109 868 30 32.39
110 1031 5 77.249
111 1099 48 20.057
112 1025 26 30.489
113 157 11 75.994
114 619 1 61.559
115 514 41 46.934
116 768 13 29.97
117 166 59 19.391
118 1017 53 24.803
119 253 9 37.549
120 1267 57 54.6
121 349 30 83.34
122 372 56 51.143
123 133 36 55.445
124 1305 12 19.363
125 458 27 58.79
126 877 21 12.737
127 685 44 56.163
128 395 51 76.543
129 701 42 12.721
130 1189 49 62.016
131 822 43 71.361
132 638 1 42.104
133 298 54 43.853
134 1284 36 97.391
135 63 12 74.134
136 259 26 96.268
137 841 13 83.729
138 43 53 44.26
139 307 24 69.527
140 182 51 46.72
141 334 18 28.745
142 1435 40 54.768
143 1004 12 16.174
144 612 23 70.975
145 447 6 61.341
146 189 6 23.734
147 553 26 80.951
148 896 29 96.191
149 376 51 25.063
150 390 48 31.122
