150
1 488 1 92.889
2 540 17 84.413
3 944 31 13.882
4 825 40 43.7
5 166 49 57.712
6 724 55 60.614
7 499 22 28.261
8 11 7 87.138
9 119 15 75.472
10 102 30 20.343
11 366 8 57.152
12 544 10 49.287
13 838 33 44.777
14 294 53 98.856
15 780 24 34.198
16 628 49 54.581
17 758 55 57.038
18 1141 59 85.323
19 1069 9 43.37
20 674 23 72.31
21 1020 11 32.107
22 379 37 65.336
23 1404 25 82.832
24 804 7 68.689
25 731 56 57.606
26 148 48 79.655
27 586 2 74.317
28 1341 50 75.315
29 1338 40 96.333
30 566 9 82.876
31 175 8 50.189
32 1141 22 96.337
33 694 38 75.148
34 437 39 18.095
35 986 43 92.878
36 1335 44 63.864
37 462 5 52.386
38 1266 51 75.096
39 1002 32 37.76
40 400 36 60.351
41 923 17 25.652
42 1057 57 32.551
43 1376 47 34.144
44 785 34 38.009
45 1057 29 24.66
46 1167 40 79.012
47 1217 2 95.007
48 58 19 30.596
49 1011 12 87.999
50 1029 30 17.532
51 478 44 48.542
52 1233 15 10.337
53 480 3 25.358
54 1025 16 80.223
55 763 1 35.487
56 1308 24 47.713
57 68 19 38.779
58 827 3 67.618
59 385 46 32.646
60 183 52 44.588
61 815 59 50.796
62 401 31 53.604
63 271 37 83.297
64 751 60 62.076
65 225 11 77.445
66 461 52 67.102
67 1206 4 94.503
68 1072 55 26.5
69 1235 25 14.01
70 962 59 32.846
71 855 47 26.055
72 742 1 68.418
73 355 8 51.591
74 506 35 12.127
75 765 55 21.5
76 1370 30 96.28
77 838 12 59.479
78 685 43 95.984
79 312 1 47.463
80 480 60 80.17
81 271 8 34.858
82 73 30 11.046
83 1121 55 70.682
84 1318 12 95.65
85 41 38 64.775
86 1058 26 48.181
87 909 35 30.312
88 287 6 87.287
89 951 34 71.588
90 68 4 86.433
91 228 31 23.09
92 1008 41 88.237
93 169 57 86.591
94 919 42 69.962
95 634 29 19.036
96 895 7 34.599
97 1373 56 62.327
98 841 32 29.129
99 1364 29 23.634
100 428 54 14.662
101 520 24 82.982
102 1052 2 24.896
103 1363 46 86.476
104 110 54 33.336
105 377 50 97.477
106 1276 57 38.948
107 145 1 40.114
108 268 57 38.539
109 380 55 38.659
110 97 7 31.542
111 871 24 15.871
112 412 30 82.474
113 1362 15 42.485
114 565 17 91.12
115 306 12 65.998
116 975 30 68.607
117 1119 20 13.877
118 10 48 53.83
119 703 58 65.297
120 708 39 42.862
121 766 42 20.538
122 1360 44 88.434
123 1064 43 22.588
124 1277 24 25.262
125 1395 17 45.823
126 158 31 57.921
127 775 6 55.268
128 534 32 46.591
129 526 27 40.227
130 1437 19 71.579
131 580 40 48.575
132 377 48 47.661
133 703 31 46.701
134 166 48 65.439
135 458 51 29.313
136 671 17 32.773
137 1060 42 73.695
138 1342 42 58.072
139 113 16 83.29
140 786 3 44.769
141 415 8 48.013
142 524 43 61.753
143 269 24 38.758
144 569 20 43.427
145 734 11 58.823
146 1045 28 76.076
147 345 27 47.542
148 947 42 70.972
149 298 48 52.075
150 1137 18 50.296
