200
1 379 6 79.833
2 1063 29 88.27
3 685 48 87.912
4 1231 51 14.686
5 364 36 57.748
6 1111 16 11.484
7 893 17 21.303
8 1347 25 13.832
9 750 16 91.953
10 1300 27 74.196
11 1113 20 63.026
12 1048 12 61.204
13 723 37 11.868
14 1415 25 52.805
15 924 43 25.567
16 1202 31 10.45
17 96 9 66.024
18 459 9 55.949
19 1111 48 62.917
20 665 55 54.249
21 1003 34 61.509
22 719 43 56.604
23 183 46 86.564
24 1074 48 84.703
25 477 5 76.111
26 1213 59 89.267
27 1017 5 75.802
28 1156 45 29.204
29 59 55 49.424
30 741 57 95.826
31 508 2 98.388
32 317 47 51.416
33 1299 49 59.974
34 951 26 24.626
35 162 34 32.38
36 294 51 78.08
37 920 30 89.54
38 797 29 41.219
39 365 15 21.743
40 1221 16 52.529
41 427 29 38.072
42 596 46 11.563
43 841 44 64.828
44 698 49 86.291
45 510 60 46.175
46 264 13 23.552
47 1209 45 53.068
48 756 58 44.693
49 510 57 56.956
50 1253 26 41.899
51 1080 58 43.608
52 790 42 72.018
53 1046 40 60.861
54 1336 23 87.196
55 983 59 78.486
56 226 25 78.795
57 190 59 16.769
58 991 33 61.706
59 38 31 85.936
60 870 42 55.554
61 1007 26 11.307
62 652 4 40.479
63 194 40 96.988
64 1319 10 63.07
65 1131 8 41.576
66 1032 24 79.82
67 780 47 92.008
68 1412 55 60.684
69 735 30 38.227
70 883 15 55.749
71 298 25 34.281
72 78 38 60.336
73 798 18 73.867
74 681 12 90.963
75 1123 39 62.371
76 617 54 29.643
77 867 21 99.944
78 774 25 14.282
79 3 18 15.58
80 1126 36 74.451
81 197 7 70.49
82 106 57 80.335
83 1340 30 41.205
84 358 58 15.902
85 1048 37 81.801
86 577 5 80.798
87 703 8 27.729
88 88 3 47.032
89 1295 14 14.466
90 914 54 11.321
91 899 54 22.537
92 33 41 22.833
93 403 35 65.649
94 1043 24 34.66
95 1077 52 59.445
96 1229 31 83.136
97 1244 30 11.594
98 4 49 50.898
99 53 29 67.61
100 890 55 67.353
101 1190 2 79.233
102 937 45 60.928
103 1409 28 34.547
104 1350 7 99.54
105 134 31 32.026
106 664 34 21.669
107 321 57 29.451
108 725 60 70.571
109 1147 18 12.533
110 803 22 29.844
111 513 23 96.515
112 441 2 24.379
113 578 10 89.351
114 764 14 95.946
115 1187 3 62.892
116 1288 5 12.601
117 556 54 21.531
118 547 44 75.195
119 1421 51 50.979
120 493 54 84.737
121 1393 26 89.741
122 784 3 25.717
123 597 5 26.172
124 708 53 75.089
125 906 35 92.849
126 271 55 76.102
127 797 20 47.265
128 1312 32 27.22
129 946 7 75.134
130 930 24 80.023
131 771 6 10.768
132 1276 43 68.438
133 138 1 53.397
134 129 10 77.322
135 911 3 94.28
136 767 58 22.302
137 485 6 35.243
138 1187 32 20.508
139 985 21 27.122
140 1007 45 89.734
141 580 8 33.607
142 205 7 65.975
143 898 1 27.448
144 446 36 60.467
145 1135 56 83.105
146 192 46 31.217
147 1436 26 84.566
148 481 28 65.833
149 786 40 40.724
150 1339 54 89.101
151 992 24 45.873
152 1321 31 33.706
153 1222 44 10.69
154 1291 38 69.077
155 504 48 33.055
156 665 41 89.934
157 952 51 49.525
158 1182 10 55.299
159 668 38 94.191
160 1423 35 45.923
161 71 45 86.475
162 1132 34 92.514
163 263 57 44.596
164 1108 36 95.407
165 672 14 74.522
166 831 28 10.836
167 1225 57 66.022
168 371 51 49.102
169 1140 53 30.383
170 1096 32 23.689
171 480 49 98.379
172 684 53 64.094
173 1322 22 40.59
174 572 57 62.435
175 545 39 36.38
176 458 9 38.309
177 1247 53 47.828
178 209 57 22.841
179 560 10 85.173
180 1115 38 28.942
181 817 19 42.985
182 1335 45 33.406
183 81 14 42.025
184 1156 39 54.794
185 282 19 47.153
186 47 27 39.892
187 825 35 58.09
188 1311 38 55.348
189 254 53 43.41
190 1421 33 90.603
191 378 60 97.48
192 363 37 78.181
193 499 33 61.971
194 1293 32 60.698
195 542 13 24.311
196 243 49 23.627
197 1284 39 60.449
198 217 23 12.609
199 655 8 56.399
200 1372 59 57.882
