200
1 81 11 78.815
2 1063 30 32.577
3 744 37 13.635
4 833 44 89.931
5 1401 48 75.106
6 84 60 27.704
7 1022 28 28.307
8 1060 49 59.705
9 1314 32 47.283
10 375 27 29.667
11 65 60 17.477
12 999 5 32.485
13 554 7 57.146
14 1301 46 97.252
15 1255 30 35.87
16 1339 39 25.994
17 223 3 77.995
18 1122 13 38.928
19 1354 22 92.36
20 110 11 52.438
21 1066 7 72.994
22 1086 40 30.613
23 34 9 56.921
24 654 37 67.261
25 1198 14 44.96
26 478 3 94.983
27 178 10 81.743
28 770 47 90.576
29 1386 9 90.236
30 1212 10 40.603
31 179 44 14.568
32 934 6 68.465
33 1363 8 19.316
34 1117 36 44.595
35 964 32 98.34
36 85 1 10.38
37 879 25 47.405
38 455 40 55.711
39 1175 53 29.111
40 357 26 57.506
41 385 53 10.23
42 147 16 63.162
43 359 16 42.442
44 426 26 26.428
45 53 17 78.351
46 1290 42 82.739
47 271 57 34.918
48 1067 14 22.157
49 500 10 12.204
50 628 30 82.729
51 399 1 92.267
52 66 20 28.133
53 14 7 40.29
54 1431 21 67.78
55 659 25 25.719
56 157 6 95.835
57 1350 44 45.863
58 58 25 38.896
59 1005 37 43.568
60 628 34 94.171
61 1335 58 46.7
62 652 50 30.603
63 629 37 69.701
64 1378 26 49.248
65 874 30 10.963
66 1127 6 68.702
67 267 7 55.577
68 1408 22 25.603
69 76 21 21.735
70 318 23 47.243
71 407 49 68.509
72 1010 1 73.011
73 800 6 20.771
74 477 41 97.754
75 750 24 85.643
76 610 42 35.484
77 255 51 96.969
78 427 56 73.679
79 752 39 82.973
80 268 22 10.951
81 152 59 74.222
82 703 5 47.659
83 890 12 28.226
84 407 45 94.714
85 177 38 31.439
86 242 42 12.333
87 573 25 64.77
88 283 26 70.407
89 1361 49 75.514
90 722 37 71.127
91 1338 56 81.41
92 804 15 38.067
93 637 52 78.027
94 1375 18 23.133
95 1112 53 73.24
96 1012 5 44.867
97 1382 53 92.832
98 1062 18 76.808
99 169 10 65.034
100 110 50 41.886
101 1015 47 89.767
102 514 2 20.552
103 475 46 43.814
104 551 4 58.733
105 882 19 41.884
106 932 58 17.155
107 13 18 33.704
108 659 51 80.793
109 322 35 91.619
110 1359 37 63.459
111 433 2 71.849
112 256 13 41.308
113 459 47 68.971
114 1033 35 99.976
115 890 44 73.337
116 501 25 24.162
117 393 57 23.633
118 727 14 67.801
119 810 40 79.275
120 567 56 54.018
121 67 45 11.636
122 262 17 84.419
123 48 11 30.823
124 872 17 84.843
125 607 23 67.411
126 1074 12 33.771
127 700 40 51.917
128 164 2 96.269
129 1203 6 89.818
130 299 53 54.359
131 1409 14 95.174
132 217 42 93.729
133 563 18 98.462
134 1270 55 32.358
135 1419 28 94.032
136 1019 5 66.011
137 810 3 58.43
138 905 46 48.328
139 1177 35 52.616
140 1306 31 42.391
141 412 2 67.1
142 759 8 17.529
143 209 28 37.368
144 878 32 78.302
145 135 37 93.526
146 1025 47 52.833
147 1224 11 39.695
148 28 10 69.679
149 1231 37 99.377
150 661 27 20.935
151 602 37 21.427
152 60 33 45.297
153 220 28 79.565
154 1224 9 58.339
155 80 15 69.451
156 1264 6 94.724
157 1027 13 32.671
158 549 47 44.701
159 975 47 62.889
160 636 5 16.165
161 1262 19 90.17
162 1183 20 32.968
163 794 43 80.841
164 1113 57 68.084
165 1073 36 36.739
166 778 52 62.808
167 899 53 28.007
168 488 31 73.946
169 1121 43 71.213
170 593 48 59.438
171 329 56 92.666
172 769 46 97.355
173 362 35 84.343
174 649 29 70.009
175 1363 11 13.641
176 286 36 35.378
177 312 58 97.761
178 1435 52 63.297
179 918 47 89.307
180 1048 18 32.578
181 272 7 68.348
182 10 29 35.607
183 328 17 32.398
184 281 26 67.423
185 809 13 83.121
186 542 22 94.11
187 991 33 48.288
188 507 47 25.434
189 1055 27 23.425
190 1377 51 43.97
191 630 23 74.589
192 849 9 92.692
193 335 15 52.858
194 396 26 25.112
195 358 17 27.481
196 1209 41 78.032
197 773 48 36.572
198 543 56 73.816
199 780 15 51.376
200 81 46 96.591
